			중간 고사 성적 일람표
================================================================
  학번 		국어 	영어 	수학 	총점 	평균
================================================================
2019001           95       90      85      270     90.0 
2019002           92       83      55      230     76.0 
2019003           55       77      82      214     71.0 
2019004           75       79      85      239     79.0 
2019005           91       92      57      240     80.0 
2019006           75       74      87      236     78.0 
2019007           83       92      81      256     85.0 
2019008           92       87      65      244     81.0 
2019009           72       76      83      231     77.0 
2019010           88       92      85      265     88.0 
2019011           71       82      53      206     68.0 
2019012           55       76      88      219     73.0 
================================================================
